L2_3_IT
142661
hypo
321112
105913
85061
hyper
30835
1684
1602
Sncg
3890
hypo
54393
125
124
hyper
43781
42
35
Pvalb
65904
hypo
55842
14121
12852
hyper
218414
11642
10786
L6_IT
50115
hypo
108489
13633
12989
hyper
3014
52
52
L6b
17051
hypo
46711
1158
1122
hyper
2759
50
48
Sst_Chodl
104
hypo
34488
0
0
hyper
67751
1
1
L5_6_NP
5752
hypo
20986
210
204
hyper
16402
28
28
L5_IT
85183
hypo
317945
52870
46683
hyper
62949
1447
1398
L5_ET
7080
hypo
13997
135
134
hyper
395
2
2
L6_IT_Car3
24581
hypo
42377
2648
2564
hyper
2886
47
43
Lamp5
38527
hypo
110375
10376
9807
hyper
164823
3680
3566
Sst
39443
hypo
36138
5781
5406
hyper
155113
4773
4532
L6_CT
67787
hypo
143551
28004
25490
hyper
8897
234
228
Vip
37873
hypo
75804
10402
9712
hyper
139083
2988
2883
